0.180
0.710
1.280
1.810
2.350
2.890
3.440
3.970
4.520
5.060
5.610
6.150
6.690
7.240
7.770
8.300
8.820
9.360
9.890
10.390
10.890
11.400
11.930
12.430
12.910
13.430
13.950
14.450
14.940
15.430
15.950
16.440
16.960
17.470
17.990
18.510
19.030
19.540
20.060
20.580
21.100
21.620
22.140
22.660
23.190
23.700
24.220
24.740
25.260
25.780
26.300
26.820
27.340
27.860
28.370
28.880
29.400
29.920
30.440
30.970
31.490
32.010
32.520
33.040
33.560
34.080
34.600
35.130
35.640
36.170
36.690
37.210
37.720
38.230
38.760
39.280
39.790
40.320
40.840
41.360
41.870
42.400
42.920
43.430
43.950
44.470
44.990
45.510
46.020
46.520
47.050
47.570
48.080
48.600
49.120
49.640
50.150
50.650
51.180
51.680
52.200
52.710
53.230
53.730
54.240
54.740
55.260
55.770
56.280
56.790
57.290
57.790
58.280
58.810
59.330
59.840
60.330
60.840
61.370
61.880
62.380
62.900
63.430
63.950
64.450
64.950
65.490
65.990
66.490
67.000
67.520
68.020
68.520
69.040
69.570
70.080
70.570
71.080
71.610
72.110
72.610
73.110
73.640
74.140
74.630
75.140
75.670
76.180
76.680
77.180
77.710
78.210
78.710
79.210
79.730
80.230
80.730
81.240
81.770
82.280
82.800
83.300
83.810
84.330
84.850
85.390
85.910
86.420
86.920
87.420
87.930
88.440
88.970
89.480
90.000
90.490
91.010
91.500
92.030
92.540
93.060
93.580
94.100
94.610
95.130
95.640
96.170
96.700
97.220
97.740
98.260
98.780
99.290
99.810
100.330
100.840
101.360
101.880
102.390
102.910
103.430
103.950
104.460
104.990
105.510
106.030
106.540
107.060
107.580
108.100
108.620
109.150
109.680
110.200
110.720
111.250
111.760
112.290
112.800
113.320
113.830
114.350
114.860
115.380
115.900
116.430
116.950
117.470
117.990
118.510
119.020
119.540
120.050
120.560
121.090
121.610
122.120
122.640
123.150
123.680
124.180
124.690
125.210
125.720
126.230
126.740
127.240
127.760
128.260
128.760
129.270
129.780
130.290
130.790
131.290
131.790
132.270
132.790
133.320
133.810
134.320
134.840
135.370
135.870
136.380
136.890
137.420
137.910
138.420
138.930
139.450
139.960
140.460
140.980
141.500
142.010
