0.370
0.640
0.960
1.290
1.600
1.940
2.250
2.330
2.570
2.870
3.180
3.490
3.830
4.130
4.440
4.740
5.050
5.380
5.690
6.010
6.310
6.620
6.940
7.260
7.530
7.590
7.690
7.870
8.030
8.220
8.530
8.810
9.130
9.250
9.470
9.660
9.750
9.830
10.060
10.380
10.700
11.000
11.180
11.360
11.460
11.590
11.680
12.000
12.320
12.590
12.650
12.920
13.260
13.560
13.860
14.190
14.400
14.490
14.810
15.160
15.430
15.680
15.770
16.100
16.390
16.700
17.020
17.070
17.140
17.240
17.340
17.650
17.970
18.310
18.620
18.920
19.080
19.120
19.220
19.560
19.900
20.180
20.520
20.900
21.100
21.160
21.460
21.770
22.080
22.390
22.730
22.970
23.020
23.690
24.000
24.280
24.610
24.900
25.040
25.250
25.550
25.590
25.890
26.190
26.560
26.700
26.780
26.820
27.480
27.770
28.100
28.340
28.450
28.690
28.810
29.040
29.340
29.690
29.980
30.440
30.530
30.600
30.740
30.910
31.260
31.590
31.910
32.210
32.430
32.480
32.820
33.110
33.170
33.360
33.480
33.620
33.660
33.760
34.050
34.100
34.280
34.330
34.370
34.410
35.070
35.370
35.630
35.690
35.890
36.000
36.260
36.320
36.630
36.960
37.260
37.440
37.590
37.880
37.970
38.100
38.160
38.210
38.520
39.390
39.470
39.770
39.930
40.060
40.420
40.730
41.050
41.360
41.610
41.650
41.730
41.850
41.950
42.040
42.310
42.630
42.950
43.260
43.630
43.850
44.200
44.530
44.850
44.970
45.150
45.550
45.650
45.770
45.900
46.420
46.730
47.000
47.040
47.350
47.500
47.650
47.810
48.000
48.310
48.630
48.910
49.120
49.240
49.500
49.560
49.880
50.190
50.520
50.830
51.130
51.410
51.450
51.770
52.070
52.410
52.720
53.030
53.240
53.340
53.630
53.950
54.300
54.620
54.830
54.950
55.110
55.200
55.260
55.490
55.560
55.850
56.210
56.450
56.500
56.540
56.680
56.820
56.930
57.090
57.150
57.460
57.800
58.120
58.430
58.730
58.790
59.020
59.060
59.370
59.700
60.010
60.310
60.520
60.630
60.860
60.950
61.310
61.610
61.890
62.220
62.530
62.840
63.150
63.260
63.470
63.800
63.910
64.110
64.420
64.520
64.620
64.710
65.060
65.380
65.700
65.960
66.280
66.500
66.590
66.640
66.940
67.250
67.560
67.870
68.150
68.210
68.310
68.440
68.490
68.810
69.140
69.460
69.710
69.780
70.230
70.410
70.720
71.080
71.360
71.680
72.000
72.210
72.310
72.590
72.940
73.280
73.590
73.990
74.090
74.150
74.220
74.540
74.850
75.190
75.370
75.490
75.810
75.960
76.110
76.440
76.740
77.050
77.390
77.660
77.800
77.890
77.990
78.320
78.650
78.950
79.260
79.380
79.590
79.810
79.880
79.930
80.230
80.540
80.850
81.160
81.490
81.780
81.830
82.110
82.450
82.750
82.870
83.050
83.350
83.410
83.670
84.000
84.320
84.630
84.960
85.260
85.580
85.780
85.890
86.210
86.530
86.830
87.150
87.300
87.370
87.430
87.470
87.780
88.100
88.430
88.550
88.730
89.030
89.120
89.350
89.680
90.000
90.330
90.640
91.090
91.250
91.550
91.890
92.210
92.530
92.590
92.860
93.070
93.160
93.490
93.630
93.800
94.410
94.820
94.950
95.020
95.410
95.650
95.700
96.010
96.110
96.270
96.320
96.710
96.880
96.920
97.240
97.580
97.870
98.190
98.350
98.500
98.630
98.810
98.850
99.130
99.460
99.790
100.090
100.440
100.720
101.020
101.310
101.700
101.980
102.200
102.310
102.590
102.890
102.960
103.220
103.590
103.860
103.900
104.150
104.210
104.380
104.490
104.830
105.100
105.140
105.470
105.760
106.120
106.370
106.450
106.740
107.070
107.390
107.700
107.950
108.010
108.210
108.280
108.320
108.630
108.960
109.300
109.570
109.750
109.920
110.130
110.190
110.270
110.560
110.860
111.150
111.480
111.780
112.060
112.110
112.420
112.730
113.040
113.360
113.790
113.990
114.320
114.660
114.960
115.230
115.270
115.880
115.940
116.200
116.520
116.830
117.130
117.480
117.560
117.680
117.790
118.090
118.430
118.740
118.810
119.050
119.630
119.680
119.990
120.300
120.640
120.810
120.960
121.260
121.360
121.500
121.550
121.590
121.890
122.200
122.540
122.850
123.160
123.440
123.480
123.770
124.110
124.630
124.730
125.030
125.310
125.390
125.710
126.060
126.280
126.320
126.610
126.920
127.110
127.190
127.260
127.560
127.600
127.790
127.890
128.260
128.530
128.830
129.040
129.090
129.130
129.450
129.780
130.400
130.730
130.980
131.050
131.180
131.370
131.690
131.800
132.010
132.230
132.310
132.900
132.940
133.000
133.290
133.570
133.630
133.920
134.200
134.240
134.520
134.740
134.810
135.170
135.460
135.660
136.090
136.630
136.730
137.020
137.370
137.680
137.870
137.950
138.300
138.350
138.430
138.530
138.610
138.960
139.230
139.570
139.850
139.910
140.500
140.840
141.160
141.470
141.790
142.060
142.360
142.420
142.720
142.980
143.050
143.100
143.380
143.650
143.970
144.180
144.220
144.310
144.360
144.680
144.920
144.990
145.270
145.510
145.590
145.890
145.930
146.020
146.160
146.240
146.560
146.840
147.160
147.390
147.470
147.850
148.080
148.130
148.430
148.740
149.040
149.360
149.650
149.990
150.300
150.610
150.660
150.940
151.080
151.200
151.270
151.430
151.600
151.780
151.890
152.020
152.200
152.520
152.840
153.060
153.130
153.170
153.480
153.560
153.710
153.780
154.110
154.400
154.980
155.020
155.070
155.460
155.620
155.670
155.820
155.990
156.300
156.620
156.930
157.260
157.570
157.870
158.150
158.230
158.840
158.990
159.140
159.340
159.390
159.470
159.640
159.830
160.130
160.650
160.750
161.110
161.310
161.350
162.000
162.310
162.580
162.650
163.300
163.600
163.850
163.940
164.200
164.530
164.830
165.030
165.100
165.170
165.500
165.800
166.350
166.460
166.640
166.700
167.000
167.050
167.100
167.440
167.720
168.260
168.360
168.430
168.850
169.070
169.810
170.150
170.200
170.580
170.650
170.760
171.570
171.680
171.740
172.160
172.990
173.410
173.800
174.090
174.290
174.400
174.480
174.760
176.040
176.200
176.280
176.480
