0.370
0.960
1.600
2.250
2.870
3.490
4.130
4.740
5.370
6.000
6.620
7.260
7.880
8.530
9.120
9.760
10.380
11.000
11.670
12.310
12.920
13.560
14.190
14.800
15.430
16.090
16.700
17.340
17.970
18.620
19.230
19.890
20.510
21.120
21.770
22.380
23.020
23.670
24.290
24.910
25.550
26.190
26.830
27.470
28.100
28.710
29.340
29.980
30.600
31.260
31.900
32.490
33.110
33.760
34.410
35.070
35.690
36.320
36.930
37.580
38.190
38.830
39.470
40.080
40.730
41.360
41.970
42.630
43.260
43.860
44.530
45.150
45.770
46.420
47.040
47.650
48.310
48.930
49.560
50.200
50.830
51.450
52.070
52.720
53.340
53.950
54.620
55.250
55.860
56.510
57.150
57.800
58.430
59.040
59.700
60.320
60.950
61.590
62.210
62.840
63.470
64.100
64.710
65.370
66.010
66.640
67.260
67.870
68.490
69.140
69.780
70.410
71.030
71.670
72.310
72.950
73.600
74.220
74.860
75.490
76.110
76.740
77.380
77.990
78.640
79.260
79.880
80.540
81.160
81.780
82.440
83.050
83.670
84.320
84.960
85.580
86.210
86.830
87.450
88.100
88.730
89.350
90.000
90.640
91.250
91.890
92.530
93.150
93.800
94.410
95.020
95.650
96.310
96.930
97.570
98.190
98.820
99.460
100.090
100.720
101.340
101.980
102.590
103.220
103.890
104.520
105.140
105.760
106.390
107.070
107.700
108.320
108.950
109.580
110.210
110.860
111.480
112.110
112.730
113.360
113.990
114.650
115.270
115.880
116.520
117.140
117.780
118.430
119.050
119.680
120.310
120.950
121.570
122.200
122.840
123.450
124.110
124.730
125.380
125.990
126.620
127.260
127.900
128.530
129.140
129.780
130.410
131.050
131.690
132.320
132.940
133.570
134.210
134.830
135.460
136.100
136.730
137.360
137.980
138.620
139.240
139.860
140.510
141.160
141.790
142.410
143.050
143.660
144.310
144.960
145.580
146.200
146.850
147.470
148.090
148.740
149.360
149.990
150.610
151.270
151.890
152.520
153.150
153.780
154.400
155.030
155.670
156.300
156.940
157.570
158.180
158.840
159.470
160.130
160.750
161.360
162.000
162.650
163.300
163.910
164.530
165.130
165.800
166.460
167.100
167.730
168.360
169.070
169.820
170.590
171.330
172.160
172.990
173.810
174.750
175.720
176.650
177.550
178.490
179.470
