0.720
1.150
1.280
1.680
1.810
1.960
2.060
2.360
2.490
2.620
2.900
3.300
3.450
3.700
3.840
3.980
4.100
4.230
4.530
4.650
4.780
4.920
5.070
5.480
5.610
5.880
6.010
6.150
6.270
6.400
6.700
6.820
6.950
7.240
7.290
7.370
7.530
7.640
7.770
7.820
7.910
8.050
8.170
8.290
8.350
8.450
8.570
8.700
8.820
8.870
9.060
9.360
9.760
9.880
10.190
10.270
10.390
10.500
10.640
10.760
10.880
11.150
11.400
11.800
11.930
12.310
12.430
12.550
12.680
12.800
12.910
13.180
13.420
13.820
13.940
14.210
14.320
14.450
14.560
14.700
14.810
14.940
15.190
15.340
15.430
15.820
15.950
16.200
16.340
16.440
16.560
16.710
16.830
16.960
17.080
17.220
17.340
17.470
17.730
17.980
18.170
18.280
18.510
18.770
19.030
19.540
19.800
20.060
20.350
20.590
20.840
21.100
21.370
21.620
21.870
22.140
22.420
22.660
22.920
23.190
23.700
23.960
24.220
24.470
24.740
25.000
25.260
25.540
25.780
26.030
26.300
26.580
26.820
27.080
27.340
27.560
27.620
27.860
28.110
28.210
28.370
28.650
28.880
29.140
29.400
29.680
29.920
30.180
30.440
30.740
30.970
31.230
31.490
31.760
32.000
32.270
32.520
32.700
32.800
33.040
33.300
33.560
33.760
33.850
34.080
34.340
34.530
34.600
34.730
34.890
35.130
35.380
35.640
35.920
35.970
36.170
36.430
36.690
36.800
36.980
37.040
37.210
37.460
37.720
38.000
38.230
38.490
38.760
39.030
39.280
39.540
39.790
40.070
40.320
40.580
40.830
41.050
41.360
41.610
41.870
42.170
42.400
42.480
42.660
42.920
43.200
43.430
43.680
43.950
44.230
44.460
44.730
44.990
45.260
45.510
45.760
46.020
46.270
46.520
46.590
46.790
46.920
47.050
47.360
47.570
47.820
48.080
48.310
48.430
48.600
48.860
49.120
49.400
49.630
49.890
50.140
50.410
50.650
50.740
50.910
51.180
51.430
51.680
51.940
52.190
52.450
52.710
52.960
53.220
53.480
53.730
53.990
54.240
54.490
54.740
55.000
55.260
55.500
55.760
56.020
56.090
56.280
56.520
56.620
56.790
56.910
57.040
57.170
57.290
57.420
57.540
57.660
57.800
57.920
58.040
58.170
58.280
58.330
58.560
58.700
58.810
58.880
59.100
59.200
59.320
59.710
59.840
59.950
60.030
60.080
60.210
60.330
60.600
60.830
60.910
61.120
61.160
61.240
61.370
61.750
61.880
62.000
62.140
62.260
62.380
62.650
62.770
62.900
63.000
63.180
63.310
63.430
63.710
63.820
63.940
64.060
64.190
64.320
64.440
64.660
64.700
64.950
65.220
65.360
65.410
65.490
65.700
65.870
65.990
66.100
66.220
66.360
66.490
66.750
66.990
67.230
67.400
67.520
67.900
68.020
68.140
68.260
68.400
68.520
68.750
69.030
69.120
69.340
69.440
69.570
69.960
70.080
70.190
70.320
70.450
70.570
70.830
70.950
71.080
71.140
71.370
71.480
71.610
71.990
72.110
72.230
72.360
72.480
72.600
72.860
73.040
73.110
73.180
73.410
73.520
73.640
74.010
74.140
74.250
74.380
74.500
74.630
74.890
75.140
75.220
75.550
75.670
76.050
76.180
76.300
76.420
76.550
76.670
76.930
77.170
77.240
77.430
77.570
77.700
77.950
78.080
78.210
78.320
78.460
78.590
78.710
78.970
79.210
79.290
79.510
79.590
79.730
80.110
80.230
80.350
80.480
80.600
80.720
80.990
81.230
81.640
81.770
81.990
82.040
82.160
82.280
82.420
82.550
82.670
82.800
83.050
83.290
83.550
83.810
84.080
84.160
84.240
84.320
84.600
84.820
84.860
85.110
85.390
85.460
85.660
85.900
86.300
86.420
86.460
86.560
86.680
86.810
86.910
86.950
87.050
87.170
87.310
87.420
87.470
87.700
87.930
88.200
88.270
88.350
88.440
88.710
88.980
89.480
89.760
90.000
90.230
90.490
90.750
90.870
91.010
91.130
91.260
91.380
91.500
91.760
92.030
92.320
92.540
92.800
93.050
93.330
93.580
93.840
94.100
94.350
94.610
94.870
95.140
95.410
95.640
95.900
96.170
96.460
96.700
96.960
97.220
97.490
97.740
98.000
98.260
98.490
98.540
98.780
99.030
99.290
99.560
99.810
100.070
100.330
100.600
100.840
101.100
101.190
101.360
101.630
101.880
102.140
102.390
102.670
102.910
103.170
103.330
103.430
103.710
103.950
104.090
104.210
104.320
104.460
104.760
104.980
105.250
105.510
105.740
105.790
106.030
106.290
106.540
106.800
107.060
107.320
107.580
107.860
108.100
108.290
108.350
108.620
108.910
109.150
109.410
109.680
109.960
110.200
110.460
110.720
110.960
111.000
111.250
111.500
111.760
112.050
112.290
112.410
112.540
112.800
113.040
113.090
113.320
113.580
113.830
114.350
114.610
114.860
115.100
115.170
115.380
115.640
115.900
116.430
116.680
116.940
117.220
117.470
117.730
117.990
118.510
118.770
118.880
119.020
119.300
119.540
119.800
120.050
120.320
120.560
120.820
121.080
121.350
121.610
121.870
122.120
122.640
122.900
123.150
123.420
123.670
123.930
124.180
124.440
124.690
124.760
124.950
125.210
125.470
125.720
125.970
126.230
126.490
126.740
126.990
127.240
127.370
127.500
127.750
128.010
128.260
128.510
128.760
128.840
129.020
129.270
129.520
129.780
130.040
130.280
130.530
130.790
130.910
131.040
131.160
131.290
131.400
131.540
131.660
131.790
131.910
132.030
132.150
132.250
132.300
132.540
132.780
132.840
133.090
133.180
133.320
133.690
133.820
133.940
134.050
134.200
134.320
134.580
134.840
134.910
135.110
135.240
135.370
135.750
135.870
135.990
136.120
136.190
136.250
136.380
136.650
136.890
136.980
137.180
137.290
137.420
137.680
137.790
137.920
138.040
138.160
138.290
138.420
138.670
138.820
138.930
139.040
139.180
139.330
139.450
139.830
139.960
140.070
140.200
140.340
140.460
140.730
140.980
141.230
141.380
141.500
141.880
142.010
142.130
142.240
